2
14
460
207
459
3
6
217
465
4
8
5
446
461
439
10
1
201
222
1059
258
1004
293
273
216
247
256
233
214
462
16
215
210
7
464
12
204
203
458
927
1050
212
202
13
333
220
236
278
2864
289
245
1415
205
265
291
334
251
211
226
230
1056
208
234
228
1053
379
263
1057
206
252
242
296
1943
255
299
7695
237
1391
235
266
1501
389
282
250
288
246
232
223
268
231
466
244
240
1978
1051
209
3473
259
1700
270
3192
271
1008
253
6089
3387
238
2400
280
249
3366
272
3886
295
1000
261
297
1169
1392
494
218
262
1054
294
1503
471
2090
283
