2
14
458
459
1050
3
6
9
465
4
13
8
5
446
461
439
10
1
220
201
3192
289
222
238
241
251
211
226
283
3886
1056
208
259
263
1057
1000
242
7695
235
219
389
250
246
232
1058
214
213
223
231
240
3191
462
463
16
1978
215
7
464
209
204
460
927
207
212
202
11
333
236
272
234
256
468
12
2864
271
3473
3366
279
1004
293
269
2075
252
296
1943
1503
278
2400
280
228
216
297
248
1391
294
471
2090
253
375
245
239
1415
205
275
3387
265
291
334
249
295
379
206
298
1169
247
1392
218
288
210
6089
1059
273
1501
466
1700
