2
14
460
458
927
207
459
1050
3
6
9
212
202
217
465
4
13
8
5
439
333
10
1
220
236
201
221
289
222
1008
238
241
211
226
272
3886
1056
234
228
259
263
1057
242
255
7695
256
219
250
246
232
1058
214
213
223
231
240
462
463
16
215
7
464
468
12
204
203
446
3192
267
1393
253
375
245
239
1415
205
275
3387
265
281
291
334
249
251
381
208
379
206
1169
247
1392
218
1700
1055
235
389
1978
210
1051
209
2864
271
3366
279
283
258
293
269
1000
1943
299
237
6332
1503
471
278
6089
3473
2400
1059
1004
273
1053
295
298
297
296
494
248
1391
266
1501
282
1054
294
268
466
2090
